%YAML:1.0
---
cameraMatrix: !!opencv-matrix
   rows: 3
   cols: 3
   dt: d
   data: [ 1.2695164262120020e+03, 0., 6.3285822684489995e+02, 0.,
       1.2681082628901736e+03, 4.7203562512252853e+02, 0., 0., 1. ]
distCoeffs: !!opencv-matrix
   rows: 1
   cols: 5
   dt: d
   data: [ -2.2004583167561176e-01, 1.7783511983062905e-01,
       2.1172917267779114e-04, -3.4178366809487187e-04,
-2.7618828551481650e-02 ]