%YAML:1.0
---
PlaneNx: 4.1467777026307398e-02
PlaneNy: 5.7683084077839852e-01
PlaneNz: 8.1581039745481454e-01
PlaneD: -1.3324923943986965e+01